 1.47987775184293e-002
 3.03557782818930e-002
 3.34841849737613e-002
 3.57430890961516e-002
 3.94165591982004e-002
 4.95301952605385e-002
 5.20181920295877e-002
 5.73827750745148e-002
 6.53820173395047e-002
 7.09378147043419e-002
 8.35165701486861e-002
 8.63015626468744e-002
 9.06424856124805e-002
 9.67573928313419e-002
 9.99774909124921e-002
 1.04986046117013e-001
 1.12083013248595e-001
 1.17720729546456e-001
 1.21646313991368e-001
 1.27756841813543e-001
 1.36375551119513e-001