1.446972274986119134e-01 4.398544359514662550e-02 4.994205474853515625e+00
1.985647831561134780e-01 7.028961557938234739e-02 4.623878955841064453e+00
2.683917815057223488e-01 1.043869743942011791e-01 4.134193420410156250e+00
3.331119492235816715e-01 1.359906067053337775e-01 3.677411079406738281e+00
1.052086696993474457e-01 7.666627765568415076e-02 4.450459480285644531e+00
1.152326885127691741e-01 8.329393362506805343e-02 4.352369785308837891e+00
2.144616832851064803e-01 1.489019149926084917e-01 3.373781681060791016e+00
2.492601839064521596e-01 1.719099015757806215e-01 3.034425258636474609e+00
3.194909619176531379e-01 2.183449136985805838e-01 2.699633121490478516e+00
3.632428624355832358e-01 2.472726870833721613e-01 2.546953678131103516e+00
4.107515394956158805e-01 2.786843566916594184e-01 2.389521598815917969e+00
4.840575387455086087e-01 3.271526359879509127e-01 2.165411472320556641e+00
5.538393209418578378e-01 3.732907821682662219e-01 1.974648475646972656e+00
6.175048314782717318e-01 4.153849869781735538e-01 1.820270776748657227e+00
7.156980086822587461e-01 4.803081090474773385e-01 1.618273138999938965e+00
7.772243818924046144e-01 5.209879643301483787e-01 1.512927532196044922e+00
8.598040315528570066e-01 5.755877728709011265e-01 1.395165801048278809e+00
1.006745295071085122e+00 6.727420340940966081e-01 1.244246959686279297e+00
1.067049776211882239e+00 7.126140018001281273e-01 1.200857877731323242e+00
1.152216424133515549e+00 7.689242754534907354e-01 1.154915809631347656e+00
4.628079104633762708e-01 4.242026059349582323e-01 1.821867108345031738e+00
5.187840155474356951e-01 4.706611356899362830e-01 1.675100803375244141e+00
5.794208859643285026e-01 5.209879643301483787e-01 1.539684176445007324e+00
6.452601745107144904e-01 5.756326478318934958e-01 1.418458819389343262e+00
7.018566998493911413e-01 6.226061082490971232e-01 1.333784461021423340e+00
7.940708244524844472e-01 6.991411341368143351e-01 1.229654192924499512e+00
9.136634606872451325e-01 7.983995237772740783e-01 1.146085143089294434e+00
9.884062452175698121e-01 8.604338484923902408e-01 1.117230892181396484e+00
1.068104913248224097e+00 9.265814115386927785e-01 1.101962804794311523e+00
1.198049554595997046e+00 1.034431662596525747e+00 1.103260517120361328e+00
1.292053686232893517e+00 1.112452341959358604e+00 1.119011402130126953e+00
1.392297386082407051e+00 1.195651680413043927e+00 1.145297408103942871e+00
1.445030385602777301e+00 1.239418527420482974e+00 1.162010312080383301e+00
1.555583669561712234e+00 1.331174519099499909e+00 1.201529860496520996e+00
1.643656838990332547e+00 1.404272673327454646e+00 1.235914230346679688e+00
