6.475602612092017096e-02 2.158717123480884126e-02 5.276275157928466797e+00
1.059615156337789937e-01 4.434363063448657633e-02 4.959568023681640625e+00
1.593750335313286748e-01 7.384218934109371135e-02 4.537478446960449219e+00
2.088821284722020832e-01 1.011833569703825680e-01 4.138870716094970703e+00
3.454961830429011810e-02 4.986025559161474940e-02 4.819461345672607422e+00
4.221739897581994888e-02 5.559402223793630943e-02 4.735463619232177734e+00
1.181217026620716426e-01 1.123532832851958790e-01 3.886224269866943359e+00
1.447404945287931177e-01 1.322581224438688918e-01 3.585413455963134766e+00
1.984628799516678366e-01 1.724303228358572415e-01 2.983991622924804688e+00
2.319304924310944260e-01 1.974565316421487415e-01 2.831191539764404297e+00
2.682718164520658255e-01 2.246316270812097060e-01 2.683842182159423828e+00
3.243465639777675658e-01 2.665628625764503434e-01 2.467976093292236328e+00
3.777254941962178703e-01 3.064782361133166488e-01 2.277220726013183594e+00
4.264258388604309502e-01 3.428950852463157895e-01 2.116854429244995117e+00
5.015378034581731148e-01 3.990618557630179475e-01 1.896281123161315918e+00
5.486018347684902263e-01 4.342551123946908898e-01 1.774749040603637695e+00
6.117703755817108791e-01 4.814909017224239807e-01 1.631345868110656738e+00
7.241717388699182578e-01 5.655417132194112684e-01 1.428446650505065918e+00
7.703010951196196388e-01 6.000360441883293428e-01 1.362810611724853516e+00
8.354485363752260918e-01 6.487516037180287576e-01 1.285638451576232910e+00
3.080918569533991347e-01 3.505234488348809019e-01 2.114915847778320312e+00
3.509102618885909797e-01 3.907159949743863048e-01 1.956244349479675293e+00
3.972938762471515672e-01 4.342551123946908898e-01 1.802729368209838867e+00
4.476570323365329784e-01 4.815297242798683985e-01 1.657305240631103516e+00
4.909500220191330144e-01 5.221677510342208617e-01 1.549264311790466309e+00
5.614883655153458664e-01 5.883802974816404463e-01 1.404401183128356934e+00
6.529696487857203913e-01 6.742514480840701152e-01 1.267331123352050781e+00
7.101434519504322695e-01 7.279190409135268824e-01 1.206461310386657715e+00
7.711082124568543472e-01 7.851451088449916682e-01 1.159159421920776367e+00
8.705081664913788542e-01 8.784493140073325046e-01 1.113925814628601074e+00
9.424157593466733207e-01 9.459471399537121572e-01 1.100745916366577148e+00
1.019096252316174844e+00 1.017925165672826759e+00 1.100523471832275391e+00
1.059433873583673247e+00 1.055789063368355762e+00 1.105016469955444336e+00
1.144000587762166843e+00 1.135169684076435370e+00 1.122517108917236328e+00
1.211371345817899403e+00 1.198408898748418272e+00 1.142575740814208984e+00
