2.566778562157428362e-02 4.295623659648405146e-02 4.920217514038085938e+00
6.068200107111211550e-02 6.909739017632995917e-02 4.536256790161132812e+00
1.060699444178090506e-01 1.029834328154779211e-01 4.028155803680419922e+00
1.481384190078151863e-01 1.343912036596398019e-01 3.553668975830078125e+00
0.000000000000000000e+00 7.543453330188759631e-02 4.387427806854248047e+00
6.515668849631384846e-03 8.202111480211046746e-02 4.286857604980468750e+00
7.101507594897379927e-02 1.472224949489706891e-01 3.282485485076904297e+00
9.363429791300201255e-02 1.700878910235627262e-01 3.016913890838623047e+00
1.392847003204928102e-01 2.162351251623753912e-01 2.764317989349365234e+00
1.677236827907918892e-01 2.449836205428045088e-01 2.614157676696777344e+00
1.986045912336988351e-01 2.762006183605548726e-01 2.458526134490966797e+00
2.462539048167991240e-01 3.243685186310729662e-01 2.235339164733886719e+00
2.916124574084727472e-01 3.702207266348767067e-01 2.043529033660888672e+00
3.329953988732833881e-01 4.120540553333337797e-01 1.886780500411987305e+00
3.968215187023580448e-01 4.765748205531581405e-01 1.679033517837524414e+00
4.368140088221267314e-01 5.170025650640868164e-01 1.569129824638366699e+00
4.904912475545243900e-01 5.712639948231909015e-01 1.444507598876953125e+00
5.860038988425738671e-01 6.678161487968685694e-01 1.280426859855651855e+00
6.252021522153795585e-01 7.074410125621558576e-01 1.231612801551818848e+00
6.805609544302657632e-01 7.634023069369755277e-01 1.178219556808471680e+00
2.324415264043853679e-01 4.208170276670004650e-01 1.877788424491882324e+00
2.688263108913770405e-01 4.669876336889870472e-01 1.727773308753967285e+00
3.082406191711535848e-01 5.170025650640868164e-01 1.587895989418029785e+00
3.510365286210825331e-01 5.713085916745153092e-01 1.461074829101562500e+00
3.878245897780339679e-01 6.179909371092564552e-01 1.371223092079162598e+00
4.477642916437077902e-01 6.940516421246942791e-01 1.258413910865783691e+00
5.255001807181356455e-01 7.926948843158755365e-01 1.163931012153625488e+00
5.740834128492323662e-01 8.543447553162534236e-01 1.128759741783142090e+00
6.258879972489684862e-01 9.200823731193242816e-01 1.107316970825195312e+00
7.103527481203998351e-01 1.027264229222508041e+00 1.099904179573059082e+00
7.714559646689427286e-01 1.104801380471749139e+00 1.110406637191772461e+00
8.366149358000353198e-01 1.187485096407107532e+00 1.132014632225036621e+00
8.708916833518705047e-01 1.230980701211271899e+00 1.146622180938720703e+00
9.427519423880167393e-01 1.322168041067084410e+00 1.182450056076049805e+00
1.000000000000000000e+00 1.394813174212557794e+00 1.214525580406188965e+00
